0.656526
0.679201
0.701877
0.724553
0.747229
0.769904
0.79258
0.815256
0.837932
0.860607
0.883283
0.905959
0.928634
0.95131
0.973986
0.996662
0.0193374
0.0420131
0.0646889
0.0873646
0.11004
0.132716
0.155392
0.178068
0.200743
0.223419
0.246095
0.26877
0.291446
0.314122
0.336798
0.359473
0.382149
0.404825
0.427501
0.450176
0.472852
0.495528
0.518204
0.540879
0.563555
0.586231
0.608907
0.631582
0.654258
0.676934
0.699609
0.722285
0.744961
0.767637
0.790312
0.812988
0.835664
0.85834
0.881015
0.903691
0.926367
0.949043
0.971718
0.994394
0.0170698
0.0397455
0.0624212
0.085097
