-0.995784
-0.9987
-0.981363
-0.94414
-0.887801
-0.813443
-0.722619
-0.617146
-0.499164
-0.371076
-0.235455
-0.09507
0.0472432
0.188598
0.326135
0.457055
0.578717
0.688658
0.784627
0.864714
0.927263
0.971024
0.995122
0.999027
0.982711
0.946469
0.891046
0.817584
0.727526
0.622742
0.505335
0.377683
0.242385
0.102167
-0.0401172
-0.18159
-0.31938
-0.450704
-0.572886
-0.683462
-0.780197
-0.861101
-0.924574
-0.969298
-0.99438
-0.99933
-0.983996
-0.948744
-0.894259
-0.821647
-0.732401
-0.628291
-0.51146
-0.384265
-0.249278
-0.109244
0.0330068
0.174587
0.312633
0.444336
0.567044
0.678252
0.775717
0.857475
