0.0671864
0.112538
0.157889
0.203241
0.248592
0.293944
0.339295
0.384647
0.429998
0.47535
0.520701
0.566053
0.611404
0.656755
0.702107
0.747458
0.79281
0.838161
0.883513
0.928864
0.974216
0.980433
0.935081
0.88973
0.844378
0.799027
0.753675
0.708324
0.662972
0.617621
0.572269
0.526918
0.481567
0.436215
0.390864
0.345512
0.300161
0.254809
0.209458
0.164106
0.118755
0.0734034
0.0280519
0.0172997
0.0626512
0.108003
0.153354
0.198706
0.244057
0.289408
0.33476
0.380111
0.425463
0.470814
0.516166
0.561517
0.606869
0.65222
0.697572
0.742923
0.788275
0.833626
0.878978
0.924329
